11622	100	1	12.5489	12.0635	3.44279	0.309827	-0.0177414	-0.149935	0.04853
10648	100	1	11.364	10.5554	3.94921	1.45826	-0.0942789	-0.500451	-0.0256231

                                                -.0765375      -.350516     -.0741531

11672	100	0	13.3512	12.8347	3.66471	0.309109	0.0292468	-0.359536	0.0146135
10698	100	1	12.4273	11.5614	4.28503	1.55292	-0.050084	-0.391744	0.0454366

                                                -.05300868   -.032208    .0308231

13356	100	1	7.47484	7.43104	0.799216	-0.118952	0.34212	-0.0292184	1.04458
12382	100	1	5.68615	5.5506	1.14477	0.461131	0.290496	-0.424641	-0.837864

                                                    -.051624    -.3954226   -1.882444

13373	100	1	7.28514	7.24107	0.790333	-0.125073	0.235166	-0.107057	0.99227
12399	100	1	5.96265	5.81809	1.21484	0.476631	0.154969	-0.229219	-0.770803

                                                    -.080197        -.122162    -1.763073

13382	100	1	7.21229	7.16791	0.792471	-0.101145	0.363362	-0.0687246	0.958677
12408	100	1	5.83172	5.68641	1.19744	0.489702	0.295073	-0.294207	-0.664418

                                                    -.068289        -.2254824   -1.623095

13384	100	0	7.19905	7.1547	0.792096	-0.0961776	0.394107	-0.0718102	0.947596
12410	100	1	5.91232	5.76496	1.213	0.49947	0.306715	-0.316607	-0.65048

                                                    -.087392    -.3884172   -1.59076

13385	100	1	7.19055	7.14619	0.791961	-0.093655	0.401364	-0.158207	-0.882436
12411	100	1	5.78607	5.64139	1.18841	0.490974	0.309268	-0.328964	-0.665991

13392	100	1	7.23353	7.18923	0.794158	-0.0908092	0.315453	0.0438528	0.9054
12418	100	1	5.84229	5.6968	1.19556	0.499375	0.259954	-0.410528	-0.644662

13393	100	1	7.24162	7.1974	0.794065	-0.0893895	0.300191	-0.27877	-0.855993
12419	100	0	5.86432	5.7186	1.19843	0.501552	0.243106	-0.429501	-0.63805

16406	100	0	11.5586	11.0828	3.27394	0.235512	-0.0467338	0.0646234	0.0697147
15432	100	0	10.9372	10.1108	3.93927	1.37005	-0.128102	-0.134782	0.253684

16408	100	0	11.4835	11.0053	3.271	0.235994	-0.0481624	0.0992577	0.101177
15434	100	1	10.9467	10.1115	3.96182	1.37556	-0.125622	-0.115364	0.212371

16409	100	0	11.5046	11.0227	3.28594	0.238802	-0.0572164	0.0836706	0.0931944
15435	100	1	10.97	10.1288	3.98006	1.38098	-0.118626	-0.127201	0.198395

16420	100	0	11.5045	10.9926	3.38387	0.256434	-0.0924701	0.0238717	0.231065
15446	100	1	10.7851	9.91257	4.01785	1.38416	-0.128267	-0.109705	0.203435

16540	100	0	9.14812	8.78011	2.56214	0.182186	-0.0247956	-0.612112	-0.167626
15566	100	0	8.44255	7.76856	3.12086	1.08922	-0.0724342	-0.549076	-0.0638502

16541	100	0	9.28697	8.9165	2.59013	0.186977	-0.0207365	-0.470284	-0.111281
15567	100	0	8.42253	7.75444	3.10225	1.08799	-0.0662316	-0.543718	-0.0757042

16543	100	1	8.71841	8.37773	2.40662	0.18049	-0.119044	0.147455	0.386664
15569	100	0	8.37089	7.71549	3.05992	1.08629	-0.072282	-0.53037	-0.0983871

16425	100	0	11.353	10.8343	3.38311	0.250957	-0.0952174	0.00271695	0.274564
15451	100	1	10.6273	9.74788	4.007	1.36438	-0.121579	-0.0821372	0.223358

16427	100	0	11.2362	10.7176	3.36551	0.242623	-0.00922883	-0.618107	-0.0860929
15453	100	0	10.6429	9.75455	4.03195	1.36478	-0.0336067	-0.693541	-0.0064389

26110	100	1	12.4495	11.8436	3.8291	0.238931	0.0627628	-0.754828	-0.0381533
25136	100	0	11.8745	10.8897	4.49501	1.48809	-0.0522223	-0.0904586	0.193224

26116	100	0	12.5877	12.0049	3.7791	0.225991	-0.0341343	-0.591148	-0.0356193
25142	100	0	11.7694	10.8308	4.36894	1.45746	-0.0539437	-0.0768124	0.178644

26118	100	1	12.5797	12.0063	3.748	0.223364	0.0228126	0.106736	0.0811795
25144	100	0	11.7167	10.7952	4.31889	1.44636	-0.0679966	-0.0697814	0.211022
