6709	2.22711	-0.226531	-0.0671484	0.0888124	0.120149	0.123082
5565	0.901928	0.23471	0.121155	0.0469091	0.0205414	0.143977

11202	6.45367	-3.57227	0.0133328	0.0251261	0.49067	0.29864
10058	5.50031	-2.74337	0.381287	-0.056493	0.434341	0.206382
 
7337	3.50909	-2.01472	-0.0777887	-0.000424148	-0.314587	0.13486
6193	2.3099	-1.40638	0.134852	-0.0167119	-0.394242	0.210267

5976	2.72829	-0.283092	-0.0316143	0.13727	-0.231298	-0.146748
4832	1.38289	0.205411	0.186091	0.124649	-0.279174	0.00398059

7216	5.64502	-0.762065	0.0183434	0.152774	-0.298024	0.386462
6072	4.36434	-0.0080363	0.432257	0.144597	-0.361941	0.479221

9635	7.31903	-0.230759	0.0504592	0.0285026	0.173174	-0.438944
8491	6.31585	0.684121	0.626229	0.00623608	0.0226165	0.263949
